48
48
48
48
48
48
48
48
48
48
48
48
48
48
48
48
48
48
48
48
48
48
48
48
48
48
48
48
48
48
48
48
48
48
48
48
48
48
48
48
48
48
48
48
48
48
48
48
49
48
48
48
48
48
48
48
48
48
48
48
48
48
48
48
48
48
48
48
48
48
48
48
48
48
48
48
48
48
48
48
48
48
48
48
48
48
48
48
48
48
48
48
48
48
48
48
48
48
49
48
48
49
48
48
48
67
67
67
67
67
67
67
67
68
68
67
67
67
67
68
67
68
67
68
67
67
67
68
68
67
67
68
67
67
67
67
67
68
68
68
68
68
67
68
67
67
68
67
68
67
68
67
67
68
68
68
67
68
68
68
68
68
67
68
68
67
67
68
67
68
68
67
68
68
67
68
67
67
68
68
67
68
67
67
67
68
67
67
68
68
67
68
67
67
67
68
67
68
67
68
67
68
67
68
68
67
67
67
67
68
89
89
89
89
89
90
89
89
89
90
89
89
90
90
90
89
90
89
90
89
89
89
89
89
89
89
89
89
89
89
89
89
89
89
89
89
89
89
90
89
89
89
89
89
89
89
89
89
89
89
89
89
89
90
90
90
90
90
90
89
89
89
89
89
89
89
89
89
89
90
89
89
89
90
90
90
90
89
89
89
90
89
89
90
89
89
89
89
89
89
89
89
89
89
89
90
90
89
89
89
89
89
90
90
89
107
106
106
106
106
106
106
106
107
106
107
107
106
106
107
106
107
107
106
107
106
106
106
107
106
106
107
106
106
106
107
107
106
106
107
107
106
106
107
107
106
106
106
106
107
107
107
106
107
107
106
107
106
107
107
106
107
106
107
107
106
106
107
106
107
106
105
107
107
107
107
106
106
106
107
106
106
106
107
107
106
106
107
106
106
107
106
107
106
106
107
106
106
106
106
107
106
107
106
107
107
107
107
106
106
128
126
126
126
126
126
126
125
126
126
126
126
126
126
126
126
126
126
126
126
126
126
126
126
127
126
126
126
126
126
126
126
126
126
126
126
126
126
126
126
126
126
125
126
126
126
126
126
126
126
126
126
126
126
126
126
126
126
125
126
126
126
126
126
126
126
126
126
126
126
126
126
126
126
126
126
126
126
126
126
126
126
126
126
126
126
126
126
126
126
126
126
125
126
126
126
126
126
126
126
126
126
126
126
126
146
146
146
146
146
146
145
146
146
146
146
146
146
146
146
146
146
146
146
146
146
146
146
146
146
146
146
146
146
146
146
146
146
147
146
146
146
146
146
146
146
146
146
146
146
145
146
146
146
146
146
146
146
146
146
146
146
146
146
146
146
146
146
146
146
146
146
146
146
146
146
146
146
146
146
146
146
146
146
146
146
146
146
145
146
146
145
145
145
146
146
145
146
146
146
146
146
146
145
146
146
145
146
146
146
